# https://arxiv.org/pdf/1804.10295.pdf
# https://cdsarc.cds.unistra.fr/viz-bin/cat/J/A+A/600/A30#/description
#Table: J/A+A/600/A30/table15.dat (http://cdsarc.cds.unistra.fr)
logg   Teff    Z /HP     aLSM     bLSM     aPCM     bPCM   chi2 e od
2.50  2300.  0.0 2.0   0.3685   0.5069   0.2997   0.6911 0.1762 q PC
3.00  2300.  0.0 2.0   0.3895   0.4724   0.3425   0.6024 0.1609 q PC
3.50  2300.  0.0 2.0   0.4372   0.4266   0.4060   0.5174 0.1360 q PC
4.00  2300.  0.0 2.0   0.4846   0.3947   0.4707   0.4445 0.1110 q PC
4.50  2300.  0.0 2.0   0.5084   0.3663   0.4986   0.4044 0.0903 q PC
5.00  2300.  0.0 2.0   0.5221   0.3406   0.5213   0.3601 0.0898 q PC
5.50  2300.  0.0 2.0   0.4723   0.3571   0.4763   0.3689 0.1045 q PC
6.00  2300.  0.0 2.0   0.4487   0.3688   0.4587   0.3695 0.1181 q PC
2.50  2400.  0.0 2.0   0.3279   0.5202   0.2453   0.7367 0.1905 q PC
3.00  2400.  0.0 2.0   0.3381   0.4957   0.2800   0.6518 0.1732 q PC
3.50  2400.  0.0 2.0   0.3753   0.4730   0.3431   0.5703 0.1584 q PC
4.00  2400.  0.0 2.0   0.4303   0.4394   0.4181   0.4896 0.1290 q PC
4.50  2400.  0.0 2.0   0.4859   0.4011   0.4808   0.4315 0.0976 q PC
5.00  2400.  0.0 2.0   0.4759   0.4064   0.4802   0.4174 0.0941 q PC
5.50  2400.  0.0 2.0   0.4665   0.3962   0.4746   0.3996 0.0992 q PC
6.00  2400.  0.0 2.0   0.4443   0.3961   0.4576   0.3907 0.1129 q PC
2.50  2500.  0.0 2.0   0.2995   0.5208   0.1999   0.7758 0.2034 q PC
3.00  2500.  0.0 2.0   0.2910   0.5076   0.2168   0.7001 0.1867 q PC
3.50  2500.  0.0 2.0   0.3129   0.5033   0.2728   0.6208 0.1795 q PC
4.00  2500.  0.0 2.0   0.3577   0.4856   0.3442   0.5439 0.1590 q PC
4.50  2500.  0.0 2.0   0.4166   0.4546   0.4147   0.4840 0.1282 q PC
5.00  2500.  0.0 2.0   0.4723   0.4172   0.4777   0.4262 0.0960 q PC
5.50  2500.  0.0 2.0   0.4326   0.4481   0.4468   0.4423 0.1071 q PC
6.00  2500.  0.0 2.0   0.4235   0.4328   0.4406   0.4214 0.1176 q PC
2.50  2600.  0.0 2.0   0.2916   0.5145   0.1817   0.7932 0.2140 q PC
3.00  2600.  0.0 2.0   0.2604   0.5062   0.1682   0.7381 0.1940 q PC
3.50  2600.  0.0 2.0   0.2626   0.5157   0.2077   0.6668 0.1958 q PC
4.00  2600.  0.0 2.0   0.2903   0.5150   0.2691   0.5934 0.1853 q PC
4.50  2600.  0.0 2.0   0.3363   0.5091   0.3370   0.5396 0.1643 q PC
5.00  2600.  0.0 2.0   0.3858   0.4890   0.3979   0.4918 0.1351 q PC
5.50  2600.  0.0 2.0   0.4373   0.4517   0.4512   0.4459 0.1039 q PC
6.00  2600.  0.0 2.0   0.4559   0.4296   0.4723   0.4175 0.0971 q PC
2.50  2700.  0.0 2.0   0.3023   0.4981   0.1830   0.7976 0.2066 q PC
3.00  2700.  0.0 2.0   0.2446   0.5012   0.1389   0.7630 0.1991 q PC
3.50  2700.  0.0 2.0   0.2292   0.5121   0.1578   0.6986 0.2037 q PC
4.00  2700.  0.0 2.0   0.2396   0.5223   0.2060   0.6289 0.2030 q PC
4.50  2700.  0.0 2.0   0.2636   0.5363   0.2593   0.5824 0.1983 q PC
5.00  2700.  0.0 2.0   0.3025   0.5408   0.3177   0.5445 0.1768 q PC
5.50  2700.  0.0 2.0   0.3470   0.5211   0.3686   0.5080 0.1492 q PC
6.00  2700.  0.0 2.0   0.4272   0.4242   0.4155   0.4658 0.0773 q PC
2.50  2800.  0.0 2.0   0.3267   0.4821   0.2061   0.7850 0.1987 q PC
3.00  2800.  0.0 2.0   0.2399   0.5006   0.1269   0.7793 0.2075 q PC
3.50  2800.  0.0 2.0   0.2089   0.5054   0.1228   0.7235 0.2080 q PC
4.00  2800.  0.0 2.0   0.2053   0.5153   0.1562   0.6551 0.2113 q PC
4.50  2800.  0.0 2.0   0.2164   0.5335   0.1999   0.6068 0.2166 q PC
5.00  2800.  0.0 2.0   0.2423   0.5479   0.2520   0.5674 0.2105 q PC
5.50  2800.  0.0 2.0   0.2755   0.5493   0.3006   0.5360 0.1962 q PC
2.50  2900.  0.0 2.0   0.3507   0.4801   0.2438   0.7541 0.2133 q PC
3.00  2900.  0.0 2.0   0.2489   0.4926   0.1345   0.7738 0.2039 q PC
3.50  2900.  0.0 2.0   0.2025   0.4948   0.1066   0.7331 0.2048 q PC
4.00  2900.  0.0 2.0   0.1859   0.5026   0.1271   0.6625 0.2135 q PC
4.50  2900.  0.0 2.0   0.1863   0.5198   0.1598   0.6141 0.2236 q PC
5.00  2900.  0.0 2.0   0.1998   0.5387   0.2016   0.5762 0.2290 q PC
5.50  2900.  0.0 2.0   0.2275   0.5520   0.2491   0.5496 0.2248 q PC
6.00  2900.  0.0 2.0   0.2702   0.5468   0.3018   0.5216 0.2018 q PC
2.50  3000.  0.0 2.0   0.4018   0.4459   0.2996   0.7064 0.1811 q PC
3.00  3000.  0.0 2.0   0.2654   0.4844   0.1582   0.7492 0.2011 q PC
3.50  3000.  0.0 2.0   0.2018   0.4909   0.1094   0.7219 0.2108 q PC
4.00  3000.  0.0 2.0   0.1764   0.4908   0.1125   0.6609 0.2144 q PC
4.50  3000.  0.0 2.0   0.1693   0.5023   0.1326   0.6171 0.2244 q PC
5.50  3000.  0.0 2.0   0.1933   0.5347   0.2085   0.5462 0.2396 q PC
6.00  3000.  0.0 2.0   0.2230   0.5430   0.2539   0.5220 0.2304 q PC
2.50  3100.  0.0 2.0   0.4770   0.4006   0.3903   0.6244 0.1660 q PC
3.00  3100.  0.0 2.0   0.2884   0.4757   0.1875   0.7269 0.1982 q PC
3.50  3100.  0.0 2.0   0.2131   0.4819   0.1178   0.7188 0.2074 q PC
4.00  3100.  0.0 2.0   0.1758   0.4812   0.1066   0.6622 0.2150 q PC
4.50  3100.  0.0 2.0   0.1621   0.4852   0.1173   0.6158 0.2214 q PC
5.00  3100.  0.0 2.0   0.1606   0.4974   0.1454   0.5684 0.2322 q PC
5.50  3100.  0.0 2.0   0.1709   0.5136   0.1788   0.5393 0.2429 q PC
6.00  3100.  0.0 2.0   0.1894   0.5286   0.2149   0.5196 0.2452 q PC
2.50  3200.  0.0 2.0   0.4573   0.3914   0.3584   0.6454 0.2009 q PC
3.00  3200.  0.0 2.0   0.3305   0.4512   0.2334   0.6938 0.1894 q PC
3.50  3200.  0.0 2.0   0.2355   0.4668   0.1353   0.7134 0.2006 q PC
4.00  3200.  0.0 2.0   0.1874   0.4660   0.1092   0.6643 0.2076 q PC
4.50  3200.  0.0 2.0   0.1618   0.4700   0.1085   0.6170 0.2169 q PC
5.00  3200.  0.0 2.0   0.1533   0.4776   0.1298   0.5642 0.2263 q PC
5.50  3200.  0.0 2.0   0.1567   0.4920   0.1569   0.5320 0.2383 q PC
6.00  3200.  0.0 2.0   0.1711   0.5075   0.1905   0.5097 0.2438 q PC
2.50  3300.  0.0 2.0   0.4670   0.3612   0.3491   0.6610 0.2077 q PC
3.00  3300.  0.0 2.0   0.3756   0.4071   0.2719   0.6637 0.1898 q PC
3.50  3300.  0.0 2.0   0.2632   0.4472   0.1630   0.6939 0.2035 q PC
4.00  3300.  0.0 2.0   0.2050   0.4477   0.1209   0.6571 0.1998 q PC
4.50  3300.  0.0 2.0   0.1710   0.4514   0.1098   0.6127 0.2055 q PC
5.00  3300.  0.0 2.0   0.1529   0.4604   0.1211   0.5625 0.2175 q PC
5.50  3300.  0.0 2.0   0.1496   0.4720   0.1423   0.5255 0.2280 q PC
6.00  3300.  0.0 2.0   0.1543   0.4899   0.1671   0.5041 0.2388 q PC
2.50  3400.  0.0 2.0   0.4705   0.3374   0.3396   0.6688 0.2383 q PC
3.00  3400.  0.0 2.0   0.4023   0.3480   0.2783   0.6474 0.2020 q PC
3.50  3400.  0.0 2.0   0.3037   0.3998   0.1940   0.6633 0.1839 q PC
4.00  3400.  0.0 2.0   0.2271   0.4253   0.1393   0.6407 0.1911 q PC
4.50  3400.  0.0 2.0   0.1819   0.4364   0.1163   0.6052 0.1973 q PC
5.00  3400.  0.0 2.0   0.1555   0.4459   0.1168   0.5606 0.2078 q PC
5.50  3400.  0.0 2.0   0.1442   0.4583   0.1315   0.5213 0.2192 q PC
6.00  3400.  0.0 2.0   0.1401   0.4779   0.1481   0.5011 0.2334 q PC
2.50  3500.  0.0 2.0   0.5016   0.2768   0.3472   0.6581 0.2187 q PC
3.00  3500.  0.0 2.0   0.4598   0.2736   0.3200   0.6030 0.1729 q PC
3.50  3500.  0.0 2.0   0.3449   0.3477   0.2259   0.6279 0.1738 q PC
4.00  3500.  0.0 2.0   0.2536   0.3933   0.1591   0.6200 0.1746 q PC
4.50  3500.  0.0 2.0   0.1959   0.4178   0.1250   0.5959 0.1850 q PC
5.00  3500.  0.0 2.0   0.1604   0.4325   0.1163   0.5566 0.1975 q PC
5.50  3500.  0.0 2.0   0.1394   0.4478   0.1223   0.5185 0.2116 q PC
6.00  3500.  0.0 2.0   0.1293   0.4665   0.1332   0.4970 0.2285 q PC
2.50  3600.  0.0 2.0   0.5324   0.2372   0.3698   0.6348 0.2190 q PC
3.00  3600.  0.0 2.0   0.5251   0.1949   0.3719   0.5484 0.1491 q PC
3.50  3600.  0.0 2.0   0.4001   0.2854   0.2710   0.5828 0.1433 q PC
4.00  3600.  0.0 2.0   0.2865   0.3586   0.1867   0.5933 0.1571 q PC
4.50  3600.  0.0 2.0   0.2125   0.3984   0.1365   0.5847 0.1711 q PC
5.00  3600.  0.0 2.0   0.1671   0.4201   0.1184   0.5520 0.1862 q PC
5.50  3600.  0.0 2.0   0.1390   0.4380   0.1182   0.5151 0.2023 q PC
6.00  3600.  0.0 2.0   0.1198   0.4593   0.1203   0.4960 0.2235 q PC
2.50  3700.  0.0 2.0   0.5624   0.2059   0.3946   0.6121 0.1962 q PC
3.00  3700.  0.0 2.0   0.5627   0.1516   0.4031   0.5170 0.1308 q PC
3.50  3700.  0.0 2.0   0.4622   0.2268   0.3295   0.5279 0.1224 q PC
4.00  3700.  0.0 2.0   0.3290   0.3207   0.2264   0.5584 0.1391 q PC
4.50  3700.  0.0 2.0   0.2315   0.3808   0.1528   0.5709 0.1597 q PC
5.00  3700.  0.0 2.0   0.1737   0.4118   0.1222   0.5482 0.1777 q PC
5.50  3700.  0.0 2.0   0.1390   0.4303   0.1153   0.5123 0.1942 q PC
6.00  3700.  0.0 2.0   0.1152   0.4527   0.1134   0.4936 0.2178 q PC
2.50  3800.  0.0 2.0   0.5833   0.1816   0.4068   0.6034 0.1383 q PC
3.00  3800.  0.0 2.0   0.5789   0.1392   0.4177   0.5061 0.1122 q PC
3.50  3800.  0.0 2.0   0.5138   0.1844   0.3815   0.4817 0.1060 q PC
4.00  3800.  0.0 2.0   0.3809   0.2823   0.2796   0.5145 0.1243 q PC
4.50  3800.  0.0 2.0   0.2581   0.3609   0.1785   0.5512 0.1484 q PC
5.00  3800.  0.0 2.0   0.1828   0.4015   0.1289   0.5416 0.1696 q PC
5.50  3800.  0.0 2.0   0.1400   0.4242   0.1144   0.5092 0.1885 q PC
6.00  3800.  0.0 2.0   0.1126   0.4451   0.1084   0.4902 0.2122 q PC
2.50  3900.  0.0 2.0   0.5718   0.2059   0.4030   0.6111 0.1446 q PC
3.00  3900.  0.0 2.0   0.5797   0.1409   0.4163   0.5109 0.0938 q PC
3.50  3900.  0.0 2.0   0.5608   0.1375   0.4232   0.4418 0.0829 q PC
4.00  3900.  0.0 2.0   0.4293   0.2388   0.3257   0.4729 0.1070 q PC
4.50  3900.  0.0 2.0   0.2946   0.3316   0.2141   0.5215 0.1346 q PC
5.00  3900.  0.0 2.0   0.1991   0.3902   0.1447   0.5307 0.1630 q PC
5.50  3900.  0.0 2.0   0.1448   0.4156   0.1176   0.5031 0.1827 q PC
6.00  3900.  0.0 2.0   0.1131   0.4365   0.1064   0.4855 0.2057 q PC
2.50  4000.  0.0 2.0   0.5595   0.2153   0.3868   0.6286 0.1236 q PC
3.00  4000.  0.0 2.0   0.5648   0.1617   0.4050   0.5246 0.0982 q PC
3.50  4000.  0.0 2.0   0.5678   0.1357   0.4334   0.4337 0.0871 q PC
4.00  4000.  0.0 2.0   0.4764   0.2025   0.3734   0.4329 0.0933 q PC
4.50  4000.  0.0 2.0   0.3390   0.2994   0.2602   0.4841 0.1256 q PC
5.00  4000.  0.0 2.0   0.2260   0.3679   0.1704   0.5091 0.1542 q PC
5.50  4000.  0.0 2.0   0.1569   0.4038   0.1283   0.4931 0.1762 q PC
6.00  4000.  0.0 2.0   0.1188   0.4219   0.1091   0.4757 0.1959 q PC
2.50  4100.  0.0 2.0   0.5456   0.2213   0.3667   0.6477 0.1095 q PC
3.00  4100.  0.0 2.0   0.5468   0.1797   0.3876   0.5419 0.1020 q PC
3.50  4100.  0.0 2.0   0.5505   0.1543   0.4182   0.4488 0.0922 q PC
4.00  4100.  0.0 2.0   0.5164   0.1702   0.4128   0.3990 0.0814 q PC
4.50  4100.  0.0 2.0   0.3955   0.2618   0.3189   0.4391 0.1094 q PC
5.00  4100.  0.0 2.0   0.2673   0.3371   0.2110   0.4777 0.1415 q PC
5.50  4100.  0.0 2.0   0.1783   0.3879   0.1492   0.4772 0.1697 q PC
6.00  4100.  0.0 2.0   0.1287   0.4111   0.1175   0.4669 0.1891 q PC
2.50  4200.  0.0 2.0   0.5290   0.2310   0.3465   0.6654 0.1109 q PC
3.00  4200.  0.0 2.0   0.5304   0.1909   0.3693   0.5575 0.1045 q PC
3.50  4200.  0.0 2.0   0.5360   0.1638   0.4017   0.4623 0.0910 q PC
4.00  4200.  0.0 2.0   0.5369   0.1494   0.4318   0.3802 0.0815 q PC
4.50  4200.  0.0 2.0   0.4429   0.2201   0.3648   0.3974 0.0964 q PC
5.00  4200.  0.0 2.0   0.3163   0.3025   0.2603   0.4401 0.1292 q PC
5.50  4200.  0.0 2.0   0.2160   0.3515   0.1824   0.4463 0.1485 q PC
6.00  4200.  0.0 2.0   0.1468   0.3947   0.1335   0.4532 0.1794 q PC
2.50  4300.  0.0 2.0   0.5120   0.2422   0.3271   0.6817 0.1152 q PC
3.00  4300.  0.0 2.0   0.5172   0.1959   0.3518   0.5711 0.0990 q PC
3.50  4300.  0.0 2.0   0.5218   0.1719   0.3857   0.4744 0.0913 q PC
4.00  4300.  0.0 2.0   0.5255   0.1538   0.4190   0.3883 0.0850 q PC
4.50  4300.  0.0 2.0   0.4834   0.1895   0.4050   0.3646 0.0843 q PC
5.00  4300.  0.0 2.0   0.3713   0.2687   0.3163   0.4013 0.1136 q PC
5.50  4300.  0.0 2.0   0.2551   0.3385   0.2252   0.4255 0.1479 q PC
6.00  4300.  0.0 2.0   0.1735   0.3746   0.1583   0.4349 0.1683 q PC
2.50  4400.  0.0 2.0   0.4951   0.2532   0.3083   0.6970 0.1191 q PC
3.00  4400.  0.0 2.0   0.5029   0.2035   0.3353   0.5829 0.0990 q PC
3.50  4400.  0.0 2.0   0.5081   0.1789   0.3697   0.4861 0.0917 q PC
4.00  4400.  0.0 2.0   0.5143   0.1598   0.4062   0.3975 0.0851 q PC
4.50  4400.  0.0 2.0   0.5098   0.1592   0.4274   0.3401 0.0770 q PC
5.00  4400.  0.0 2.0   0.4223   0.2217   0.3625   0.3598 0.0919 q PC
5.50  4400.  0.0 2.0   0.3054   0.3008   0.2733   0.3891 0.1310 q PC
6.00  4400.  0.0 2.0   0.2070   0.3605   0.1925   0.4181 0.1596 q PC
2.50  4500.  0.0 2.0   0.4794   0.2623   0.2902   0.7112 0.1228 q PC
3.00  4500.  0.0 2.0   0.4890   0.2085   0.3183   0.5943 0.0980 q PC
3.50  4500.  0.0 2.0   0.4942   0.1866   0.3537   0.4982 0.0917 q PC
4.00  4500.  0.0 2.0   0.5021   0.1649   0.3912   0.4083 0.0819 q PC
4.50  4500.  0.0 2.0   0.5037   0.1581   0.4203   0.3414 0.0794 q PC
5.00  4500.  0.0 2.0   0.4589   0.1990   0.3991   0.3346 0.0818 q PC
5.50  4500.  0.0 2.0   0.3558   0.2717   0.3233   0.3580 0.1153 q PC
6.00  4500.  0.0 2.0   0.2506   0.3297   0.2337   0.3894 0.1437 q PC
2.50  4600.  0.0 2.0   0.4649   0.2692   0.2725   0.7251 0.1255 q PC
3.00  4600.  0.0 2.0   0.4739   0.2197   0.3026   0.6071 0.1012 q PC
3.50  4600.  0.0 2.0   0.4802   0.1941   0.3374   0.5107 0.0923 q PC
4.00  4600.  0.0 2.0   0.4884   0.1727   0.3758   0.4198 0.0823 q PC
4.50  4600.  0.0 2.0   0.4913   0.1645   0.4064   0.3508 0.0780 q PC
5.00  4600.  0.0 2.0   0.4827   0.1727   0.4188   0.3140 0.0738 q PC
5.50  4600.  0.0 2.0   0.4014   0.2348   0.3646   0.3256 0.0946 q PC
6.00  4600.  0.0 2.0   0.2966   0.3008   0.2782   0.3610 0.1297 q PC
2.50  4700.  0.0 2.0   0.4534   0.2702   0.2550   0.7387 0.1250 q PC
3.00  4700.  0.0 2.0   0.4610   0.2250   0.2866   0.6191 0.1022 q PC
3.50  4700.  0.0 2.0   0.4666   0.2011   0.3213   0.5232 0.0934 q PC
4.00  4700.  0.0 2.0   0.4750   0.1798   0.3605   0.4311 0.0825 q PC
4.50  4700.  0.0 2.0   0.4776   0.1729   0.3912   0.3624 0.0787 q PC
5.00  4700.  0.0 2.0   0.4794   0.1702   0.4141   0.3144 0.0760 q PC
5.50  4700.  0.0 2.0   0.4341   0.2126   0.3948   0.3055 0.0816 q PC
6.00  4700.  0.0 2.0   0.3403   0.2780   0.3207   0.3378 0.1147 q PC
2.50  4800.  0.0 2.0   0.4416   0.2763   0.2397   0.7529 0.1278 q PC
3.00  4800.  0.0 2.0   0.4469   0.2330   0.2698   0.6337 0.1090 q PC
3.50  4800.  0.0 2.0   0.4539   0.2067   0.3056   0.5356 0.0941 q PC
4.00  4800.  0.0 2.0   0.4612   0.1879   0.3451   0.4430 0.0853 q PC
4.50  4800.  0.0 2.0   0.4642   0.1807   0.3759   0.3743 0.0792 q PC
5.00  4800.  0.0 2.0   0.4697   0.1744   0.4031   0.3218 0.0768 q PC
5.50  4800.  0.0 2.0   0.4574   0.1870   0.4133   0.2865 0.0687 q PC
6.00  4800.  0.0 2.0   0.3818   0.2435   0.3568   0.3097 0.0905 q PC
2.50  4900.  0.0 2.0   0.4307   0.2796   0.2227   0.7708 0.1287 q PC
3.00  4900.  0.0 2.0   0.4356   0.2367   0.2528   0.6503 0.1091 q PC
3.50  4900.  0.0 2.0   0.4421   0.2114   0.2898   0.5488 0.0949 q PC
4.00  4900.  0.0 2.0   0.4495   0.1914   0.3298   0.4539 0.0843 q PC
4.50  4900.  0.0 2.0   0.4508   0.1887   0.3599   0.3881 0.0797 q PC
5.00  4900.  0.0 2.0   0.4563   0.1826   0.3880   0.3338 0.0772 q PC
5.50  4900.  0.0 2.0   0.4547   0.1847   0.4101   0.2856 0.0743 q PC
6.00  4900.  0.0 2.0   0.4040   0.2331   0.3779   0.2998 0.0860 q PC
2.50  5100.  0.0 2.0   0.4152   0.2817   0.1870   0.8255 0.1283 q PC
3.00  5100.  0.0 2.0   0.4201   0.2343   0.2154   0.6982 0.1060 q PC
3.50  5100.  0.0 2.0   0.4253   0.2077   0.2487   0.5986 0.0909 q PC
4.00  5100.  0.0 2.0   0.4210   0.2031   0.2852   0.5000 0.0853 q PC
4.50  5100.  0.0 2.0   0.4244   0.1961   0.3160   0.4324 0.0792 q PC
5.00  5100.  0.0 2.0   0.4282   0.1925   0.3523   0.3593 0.0769 q PC
5.50  5100.  0.0 2.0   0.4350   0.1850   0.3767   0.3140 0.0719 q PC
6.00  5100.  0.0 2.0   0.4216   0.2013   0.3865   0.2825 0.0720 q PC
2.50  5200.  0.0 2.0   0.4083   0.2825   0.1761   0.8356 0.1280 q PC
3.00  5200.  0.0 2.0   0.4128   0.2350   0.2041   0.7076 0.1051 q PC
3.50  5200.  0.0 2.0   0.4179   0.2078   0.2375   0.6069 0.0903 q PC
4.00  5200.  0.0 2.0   0.4110   0.2061   0.2717   0.5103 0.0851 q PC
4.50  5200.  0.0 2.0   0.4136   0.1999   0.3030   0.4408 0.0793 q PC
5.00  5200.  0.0 2.0   0.4164   0.1975   0.3391   0.3673 0.0772 q PC
5.50  5200.  0.0 2.0   0.4229   0.1908   0.3635   0.3222 0.0721 q PC
6.00  5200.  0.0 2.0   0.4114   0.2070   0.3760   0.2890 0.0737 q PC
2.50  5300.  0.0 2.0   0.3987   0.2865   0.1612   0.8530 0.1280 q PC
3.00  5300.  0.0 2.0   0.4075   0.2321   0.1932   0.7164 0.1021 q PC
3.50  5300.  0.0 2.0   0.4013   0.2202   0.2177   0.6261 0.0902 q PC
4.00  5300.  0.0 2.0   0.4020   0.2082   0.2590   0.5204 0.0844 q PC
4.50  5300.  0.0 2.0   0.4036   0.2028   0.2906   0.4486 0.0792 q PC
5.00  5300.  0.0 2.0   0.4058   0.2007   0.3266   0.3743 0.0766 q PC
5.50  5300.  0.0 2.0   0.4071   0.2029   0.3472   0.3354 0.0737 q PC
6.00  5300.  0.0 2.0   0.3987   0.2125   0.3614   0.2983 0.0725 q PC
2.50  5400.  0.0 2.0   0.3928   0.2878   0.1515   0.8632 0.1277 q PC
3.00  5400.  0.0 2.0   0.3998   0.2341   0.1814   0.7279 0.1019 q PC
3.50  5400.  0.0 2.0   0.3952   0.2193   0.2073   0.6340 0.0878 q PC
4.00  5400.  0.0 2.0   0.3943   0.2089   0.2467   0.5305 0.0831 q PC
4.50  5400.  0.0 2.0   0.3947   0.2049   0.2792   0.4559 0.0785 q PC
5.00  5400.  0.0 2.0   0.3968   0.2011   0.3152   0.3795 0.0745 q PC
5.50  5400.  0.0 2.0   0.3842   0.2167   0.3226   0.3531 0.0740 q PC
6.00  5400.  0.0 2.0   0.3854   0.2189   0.3469   0.3076 0.0725 q PC
2.50  5500.  0.0 2.0   0.3859   0.2899   0.1376   0.8844 0.1247 q PC
3.00  5500.  0.0 2.0   0.3884   0.2405   0.1606   0.7574 0.1022 q PC
3.50  5500.  0.0 2.0   0.3870   0.2228   0.1954   0.6456 0.0882 q PC
4.00  5500.  0.0 2.0   0.3861   0.2114   0.2337   0.5433 0.0832 q PC
4.50  5500.  0.0 2.0   0.3862   0.2061   0.2681   0.4625 0.0783 q PC
5.00  5500.  0.0 2.0   0.3876   0.2035   0.3041   0.3857 0.0741 q PC
5.50  5500.  0.0 2.0   0.3720   0.2222   0.3092   0.3612 0.0750 q PC
6.00  5500.  0.0 2.0   0.3727   0.2247   0.3325   0.3169 0.0726 q PC
2.50  5600.  0.0 2.0   0.3783   0.2940   0.1248   0.9028 0.1233 q PC
3.00  5600.  0.0 2.0   0.3797   0.2481   0.1484   0.7726 0.1002 q PC
3.50  5600.  0.0 2.0   0.3801   0.2248   0.1855   0.6543 0.0883 q PC
4.00  5600.  0.0 2.0   0.3789   0.2128   0.2230   0.5521 0.0829 q PC
4.50  5600.  0.0 2.0   0.3785   0.2075   0.2580   0.4688 0.0776 q PC
5.00  5600.  0.0 2.0   0.3632   0.2210   0.2779   0.4070 0.0743 q PC
5.50  5600.  0.0 2.0   0.3609   0.2252   0.2959   0.3686 0.0732 q PC
6.00  5600.  0.0 2.0   0.3604   0.2298   0.3187   0.3252 0.0725 q PC
2.50  5700.  0.0 2.0   0.3704   0.2985   0.1126   0.9185 0.1199 q PC
3.00  5700.  0.0 2.0   0.3739   0.2490   0.1369   0.7868 0.0991 q PC
3.50  5700.  0.0 2.0   0.3741   0.2255   0.1759   0.6626 0.0878 q PC
4.00  5700.  0.0 2.0   0.3726   0.2129   0.2133   0.5595 0.0811 q PC
4.50  5700.  0.0 2.0   0.3710   0.2094   0.2485   0.4747 0.0777 q PC
5.00  5700.  0.0 2.0   0.3536   0.2239   0.2663   0.4139 0.0737 q PC
5.50  5700.  0.0 2.0   0.3502   0.2287   0.2837   0.3752 0.0727 q PC
6.00  5700.  0.0 2.0   0.3490   0.2340   0.3056   0.3328 0.0722 q PC
2.50  5800.  0.0 2.0   0.3622   0.3078   0.1007   0.9388 0.1172 q PC
3.00  5800.  0.0 2.0   0.3661   0.2532   0.1249   0.8012 0.1002 q PC
3.50  5800.  0.0 2.0   0.3704   0.2275   0.1677   0.6749 0.0878 q PC
4.00  5800.  0.0 2.0   0.3662   0.2140   0.2041   0.5664 0.0811 q PC
4.50  5800.  0.0 2.0   0.3495   0.2247   0.2247   0.4948 0.0776 q PC
5.00  5800.  0.0 2.0   0.3444   0.2266   0.2551   0.4207 0.0734 q PC
5.50  5800.  0.0 2.0   0.3402   0.2317   0.2722   0.3812 0.0722 q PC
6.00  5800.  0.0 2.0   0.3384   0.2373   0.2933   0.3395 0.0716 q PC
2.50  5900.  0.0 2.0   0.3539   0.3109   0.0872   0.9558 0.1154 q PC
3.00  5900.  0.0 2.0   0.3594   0.2554   0.1143   0.8123 0.0998 q PC
3.50  5900.  0.0 2.0   0.3596   0.2317   0.1545   0.6846 0.0916 q PC
4.00  5900.  0.0 2.0   0.3599   0.2150   0.1952   0.5728 0.0809 q PC
4.50  5900.  0.0 2.0   0.3454   0.2253   0.2190   0.4986 0.0764 q PC
5.00  5900.  0.0 2.0   0.3359   0.2288   0.2444   0.4274 0.0731 q PC
5.50  5900.  0.0 2.0   0.3347   0.2324   0.2655   0.3843 0.0712 q PC
6.00  5900.  0.0 2.0   0.3287   0.2396   0.2818   0.3454 0.0707 q PC
2.50  6000.  0.0 2.0   0.3484   0.3103   0.0786   0.9613 0.1149 q PC
3.00  6000.  0.0 2.0   0.3534   0.2565   0.1045   0.8220 0.0988 q PC
3.50  6000.  0.0 2.0   0.3540   0.2321   0.1441   0.6958 0.0907 q PC
4.00  6000.  0.0 2.0   0.3540   0.2157   0.1868   0.5787 0.0808 q PC
4.50  6000.  0.0 2.0   0.3345   0.2282   0.2058   0.5064 0.0772 q PC
5.00  6000.  0.0 2.0   0.3283   0.2300   0.2342   0.4340 0.0724 q PC
5.50  6000.  0.0 2.0   0.3229   0.2352   0.2518   0.3908 0.0707 q PC
6.00  6000.  0.0 2.0   0.3223   0.2406   0.2745   0.3484 0.0699 q PC
2.50  6100.  0.0 2.0   0.3381   0.3177   0.0613   0.9911 0.1135 q PC
3.00  6100.  0.0 2.0   0.3468   0.2586   0.0947   0.8317 0.0988 q PC
3.50  6100.  0.0 2.0   0.3494   0.2332   0.1342   0.7091 0.0902 q PC
4.00  6100.  0.0 2.0   0.3507   0.2158   0.1817   0.5825 0.0803 q PC
4.50  6100.  0.0 2.0   0.3276   0.2297   0.1967   0.5121 0.0769 q PC
5.00  6100.  0.0 2.0   0.3237   0.2306   0.2276   0.4385 0.0717 q PC
5.50  6100.  0.0 2.0   0.3148   0.2370   0.2425   0.3953 0.0706 q PC
6.00  6100.  0.0 2.0   0.2964   0.2582   0.2483   0.3676 0.0713 q PC
2.50  6200.  0.0 2.0   0.3339   0.3162   0.0554   0.9911 0.1130 q PC
3.00  6200.  0.0 2.0   0.3398   0.2612   0.0845   0.8418 0.0987 q PC
3.50  6200.  0.0 2.0   0.3425   0.2339   0.1228   0.7197 0.0903 q PC
4.00  6200.  0.0 2.0   0.3451   0.2160   0.1738   0.5877 0.0802 q PC
4.50  6200.  0.0 2.0   0.3216   0.2301   0.1886   0.5169 0.0763 q PC
5.00  6200.  0.0 2.0   0.3166   0.2318   0.2178   0.4453 0.0714 q PC
5.50  6200.  0.0 2.0   0.2945   0.2519   0.2222   0.4109 0.0722 q PC
6.00  6200.  0.0 2.0   0.2815   0.2641   0.2323   0.3763 0.0730 q PC
2.50  6300.  0.0 2.0   0.3217   0.3251   0.0360   1.0230 0.1120 q PC
3.00  6300.  0.0 2.0   0.3330   0.2637   0.0741   0.8525 0.0979 q PC
3.50  6300.  0.0 2.0   0.3374   0.2348   0.1110   0.7357 0.0885 q PC
4.00  6300.  0.0 2.0   0.3383   0.2164   0.1642   0.5939 0.0804 q PC
4.50  6300.  0.0 2.0   0.3174   0.2305   0.1824   0.5216 0.0755 q PC
5.00  6300.  0.0 2.0   0.3089   0.2314   0.2054   0.4545 0.0707 q PC
5.50  6300.  0.0 2.0   0.2821   0.2566   0.2091   0.4177 0.0737 q PC
6.00  6300.  0.0 2.0   0.2714   0.2675   0.2207   0.3829 0.0736 q PC
2.50  6400.  0.0 2.0   0.3181   0.3235   0.0312   1.0213 0.1119 q PC
3.00  6400.  0.0 2.0   0.3257   0.2667   0.0623   0.8664 0.0976 q PC
3.50  6400.  0.0 2.0   0.3309   0.2359   0.1008   0.7454 0.0885 q PC
4.00  6400.  0.0 2.0   0.3332   0.2167   0.1569   0.5990 0.0802 q PC
4.50  6400.  0.0 2.0   0.3115   0.2298   0.1727   0.5286 0.0751 q PC
5.00  6400.  0.0 2.0   0.3030   0.2325   0.1968   0.4614 0.0717 q PC
5.50  6400.  0.0 2.0   0.2727   0.2584   0.1981   0.4227 0.0739 q PC
6.00  6400.  0.0 2.0   0.2621   0.2700   0.2100   0.3887 0.0742 q PC
2.50  6500.  0.0 2.0   0.3100   0.3271   0.0191   1.0354 0.1115 q PC
3.00  6500.  0.0 2.0   0.3182   0.2701   0.0498   0.8823 0.0978 q PC
3.50  6500.  0.0 2.0   0.3237   0.2388   0.0891   0.7586 0.0884 q PC
4.00  6500.  0.0 2.0   0.3276   0.2180   0.1490   0.6053 0.0804 q PC
4.50  6500.  0.0 2.0   0.3079   0.2295   0.1649   0.5376 0.0747 q PC
5.00  6500.  0.0 2.0   0.2982   0.2322   0.1884   0.4685 0.0715 q PC
5.50  6500.  0.0 2.0   0.2674   0.2591   0.1919   0.4253 0.0737 q PC
6.00  6500.  0.0 2.0   0.2555   0.2692   0.2014   0.3917 0.0737 q PC
2.50  6600.  0.0 2.0   0.3022   0.3279   0.0066   1.0469 0.1104 q PC
3.00  6600.  0.0 2.0   0.3107   0.2732   0.0372   0.8980 0.0978 q PC
3.50  6600.  0.0 2.0   0.3176   0.2406   0.0806   0.7657 0.0885 q PC
4.00  6600.  0.0 2.0   0.3215   0.2192   0.1384   0.6164 0.0798 q PC
4.50  6600.  0.0 2.0   0.3014   0.2310   0.1527   0.5511 0.0746 q PC
5.00  6600.  0.0 2.0   0.2939   0.2316   0.1807   0.4750 0.0713 q PC
5.50  6600.  0.0 2.0   0.2603   0.2596   0.1834   0.4288 0.0736 q PC
6.00  6600.  0.0 2.0   0.2480   0.2704   0.1923   0.3963 0.0738 q PC
2.50  6700.  0.0 2.0   0.2895   0.3402  -0.0043   1.0555 0.1285 q PC
3.00  6700.  0.0 2.0   0.3034   0.2759   0.0257   0.9109 0.0974 q PC
3.50  6700.  0.0 2.0   0.3089   0.2445   0.0681   0.7780 0.0884 q PC
4.00  6700.  0.0 2.0   0.3158   0.2206   0.1262   0.6322 0.0800 q PC
4.50  6700.  0.0 2.0   0.2969   0.2312   0.1422   0.5639 0.0742 q PC
5.00  6700.  0.0 2.0   0.2895   0.2314   0.1732   0.4813 0.0710 q PC
5.50  6700.  0.0 2.0   0.2553   0.2596   0.1772   0.4311 0.0733 q PC
6.00  6700.  0.0 2.0   0.2415   0.2712   0.1843   0.4001 0.0738 q PC
2.50  6800.  0.0 2.0   0.2783   0.3440  -0.0229   1.0791 0.1269 q PC
3.00  6800.  0.0 2.0   0.2962   0.2775   0.0146   0.9212 0.0963 q PC
3.50  6800.  0.0 2.0   0.3011   0.2475   0.0575   0.7874 0.0889 q PC
4.00  6800.  0.0 2.0   0.3096   0.2225   0.1134   0.6489 0.0800 q PC
4.50  6800.  0.0 2.0   0.2930   0.2308   0.1337   0.5734 0.0739 q PC
5.00  6800.  0.0 2.0   0.2856   0.2312   0.1666   0.4867 0.0703 q PC
5.50  6800.  0.0 2.0   0.2506   0.2596   0.1714   0.4333 0.0729 q PC
6.00  6800.  0.0 2.0   0.2357   0.2715   0.1772   0.4031 0.0738 q PC
2.50  6900.  0.0 2.0   0.2712   0.3457  -0.0325   1.0858 0.1296 q PC
3.00  6900.  0.0 2.0   0.2888   0.2795   0.0033   0.9323 0.0957 q PC
3.50  6900.  0.0 2.0   0.2964   0.2488   0.0515   0.7914 0.0889 q PC
4.00  6900.  0.0 2.0   0.3026   0.2256   0.1018   0.6623 0.0814 q PC
4.50  6900.  0.0 2.0   0.2892   0.2305   0.1261   0.5813 0.0738 q PC
5.00  6900.  0.0 2.0   0.2816   0.2312   0.1604   0.4910 0.0704 q PC
5.50  6900.  0.0 2.0   0.2466   0.2593   0.1662   0.4353 0.0725 q PC
6.00  6900.  0.0 2.0   0.2305   0.2714   0.1708   0.4055 0.0735 q PC
2.50  7000.  0.0 2.0   0.2653   0.3476  -0.0389   1.0869 0.1323 q PC
3.00  7000.  0.0 2.0   0.2818   0.2804  -0.0074   0.9414 0.0954 q PC
3.50  7000.  0.0 2.0   0.2894   0.2507   0.0417   0.7996 0.0886 q PC
4.00  7000.  0.0 2.0   0.2961   0.2276   0.0913   0.6732 0.0817 q PC
4.50  7000.  0.0 2.0   0.2847   0.2310   0.1198   0.5857 0.0739 q PC
5.00  7000.  0.0 2.0   0.2779   0.2307   0.1552   0.4937 0.0707 q PC
5.50  7000.  0.0 2.0   0.2424   0.2592   0.1609   0.4376 0.0722 q PC
6.00  7000.  0.0 2.0   0.2258   0.2713   0.1650   0.4076 0.0732 q PC
2.50  7200.  0.0 2.0   0.2488   0.3512  -0.0637   1.1104 0.1348 q PC
3.00  7200.  0.0 2.0   0.2663   0.2837  -0.0313   0.9643 0.0965 q PC
3.50  7200.  0.0 2.0   0.2760   0.2529   0.0224   0.8150 0.0872 q PC
4.00  7200.  0.0 2.0   0.2801   0.2331   0.0683   0.6945 0.0825 q PC
4.50  7200.  0.0 2.0   0.2757   0.2311   0.1072   0.5938 0.0745 q PC
5.00  7200.  0.0 2.0   0.2702   0.2298   0.1447   0.4987 0.0705 q PC
5.50  7200.  0.0 2.0   0.2357   0.2580   0.1492   0.4465 0.0715 q PC
6.00  7200.  0.0 2.0   0.2179   0.2704   0.1551   0.4104 0.0724 q PC
2.50  7400.  0.0 2.0   0.2340   0.3560  -0.0834   1.1263 0.1407 q PC
3.00  7400.  0.0 2.0   0.2515   0.2881  -0.0514   0.9807 0.0981 q PC
3.50  7400.  0.0 2.0   0.2605   0.2581   0.0002   0.8350 0.0878 q PC
4.00  7400.  0.0 2.0   0.2683   0.2357   0.0522   0.7059 0.0812 q PC
4.50  7400.  0.0 2.0   0.2438   0.2464   0.0703   0.6206 0.0773 q PC
5.00  7400.  0.0 2.0   0.2619   0.2305   0.1341   0.5044 0.0707 q PC
5.50  7400.  0.0 2.0   0.2288   0.2574   0.1315   0.4684 0.0710 q PC
6.00  7400.  0.0 2.0   0.2109   0.2692   0.1466   0.4125 0.0718 q PC
2.50  7600.  0.0 2.0   0.2188   0.3618  -0.1052   1.1488 0.1472 q PC
3.00  7600.  0.0 2.0   0.2359   0.2922  -0.0749   1.0036 0.1006 q PC
3.50  7600.  0.0 2.0   0.2458   0.2616  -0.0235   0.8594 0.0893 q PC
4.00  7600.  0.0 2.0   0.2353   0.2551   0.0130   0.7390 0.0812 q PC
4.50  7600.  0.0 2.0   0.2559   0.2329   0.0805   0.6107 0.0758 q PC
5.00  7600.  0.0 2.0   0.2540   0.2299   0.1233   0.5100 0.0718 q PC
5.50  7600.  0.0 2.0   0.2222   0.2569   0.1183   0.4814 0.0707 q PC
6.00  7600.  0.0 2.0   0.2043   0.2687   0.1383   0.4152 0.0708 q PC
2.50  7800.  0.0 2.0   0.2047   0.3641  -0.1234   1.1569 0.1486 q PC
3.00  7800.  0.0 2.0   0.2214   0.2969  -0.0974   1.0280 0.1031 q PC
3.50  7800.  0.0 2.0   0.2217   0.2718  -0.0611   0.9013 0.0913 q PC
4.00  7800.  0.0 2.0   0.2396   0.2457   0.0144   0.7357 0.0811 q PC
4.50  7800.  0.0 2.0   0.2448   0.2339   0.0627   0.6262 0.0755 q PC
5.00  7800.  0.0 2.0   0.2448   0.2304   0.1050   0.5301 0.0732 q PC
5.50  7800.  0.0 2.0   0.2162   0.2555   0.1092   0.4864 0.0709 q PC
6.00  7800.  0.0 2.0   0.1987   0.2672   0.1310   0.4170 0.0705 q PC
2.50  8000.  0.0 2.0   0.1929   0.3691  -0.1436   1.1877 0.1569 q PC
3.00  8000.  0.0 2.0   0.2074   0.3033  -0.1168   1.0483 0.1118 q PC
3.50  8000.  0.0 2.0   0.2160   0.2700  -0.0759   0.9217 0.0948 q PC
4.00  8000.  0.0 2.0   0.2273   0.2465  -0.0055   0.7540 0.0834 q PC
4.50  8000.  0.0 2.0   0.2331   0.2353   0.0366   0.6597 0.0765 q PC
5.00  8000.  0.0 2.0   0.2355   0.2307   0.0852   0.5537 0.0747 q PC
5.50  8000.  0.0 2.0   0.2013   0.2473   0.0901   0.4880 0.0758 q PC
6.00  8000.  0.0 2.0   0.1933   0.2654   0.1205   0.4257 0.0704 q PC
2.50  8200.  0.0 2.0   0.1814   0.3822  -0.1569   1.2117 0.1763 q PC
3.00  8200.  0.0 2.0   0.1961   0.3058  -0.1351   1.0676 0.1147 q PC
3.50  8200.  0.0 2.0   0.2039   0.2710  -0.0977   0.9451 0.0963 q PC
4.00  8200.  0.0 2.0   0.2147   0.2467  -0.0356   0.7941 0.0860 q PC
4.50  8200.  0.0 2.0   0.2210   0.2358   0.0132   0.6848 0.0779 q PC
5.00  8200.  0.0 2.0   0.2254   0.2286   0.0670   0.5686 0.0731 q PC
5.50  8200.  0.0 2.0   0.1953   0.2466   0.0825   0.4908 0.0771 q PC
6.00  8200.  0.0 2.0   0.1866   0.2657   0.1059   0.4423 0.0712 q PC
2.50  8400.  0.0 2.0   0.1741   0.3912  -0.1692   1.2459 0.1896 q PC
3.00  8400.  0.0 2.0   0.1883   0.3059  -0.1539   1.0968 0.1169 q PC
3.50  8400.  0.0 2.0   0.1943   0.2707  -0.1139   0.9596 0.0979 q PC
4.00  8400.  0.0 2.0   0.2042   0.2456  -0.0573   0.8186 0.0886 q PC
4.50  8400.  0.0 2.0   0.2093   0.2355  -0.0040   0.6968 0.0807 q PC
5.00  8400.  0.0 2.0   0.2149   0.2288   0.0528   0.5770 0.0748 q PC
5.50  8400.  0.0 2.0   0.1949   0.2431   0.0811   0.4895 0.0781 q PC
6.00  8400.  0.0 2.0   0.1827   0.2620   0.0951   0.4531 0.0723 q PC
2.50  8600.  0.0 2.0   0.1678   0.4012  -0.1753   1.2614 0.2031 q PC
3.00  8600.  0.0 2.0   0.1829   0.3066  -0.1710   1.1296 0.1188 q PC
3.50  8600.  0.0 2.0   0.1872   0.2693  -0.1319   0.9845 0.0987 q PC
4.00  8600.  0.0 2.0   0.1911   0.2468  -0.0786   0.8375 0.0885 q PC
4.50  8600.  0.0 2.0   0.1983   0.2350  -0.0194   0.7061 0.0834 q PC
5.00  8600.  0.0 2.0   0.2042   0.2284   0.0389   0.5836 0.0770 q PC
5.50  8600.  0.0 2.0   0.2084   0.2261   0.0921   0.4766 0.0740 q PC
6.00  8600.  0.0 2.0   0.1793   0.2578   0.0889   0.4549 0.0741 q PC
2.50  8800.  0.0 2.0   0.1605   0.4181  -0.1784   1.2783 0.2222 q PC
3.00  8800.  0.0 2.0   0.1788   0.3096  -0.1798   1.1461 0.1206 q PC
3.50  8800.  0.0 2.0   0.1821   0.2687  -0.1544   1.0273 0.0990 q PC
4.00  8800.  0.0 2.0   0.1838   0.2463  -0.0914   0.8493 0.0899 q PC
4.50  8800.  0.0 2.0   0.1887   0.2337  -0.0339   0.7156 0.0848 q PC
5.00  8800.  0.0 2.0   0.1933   0.2273   0.0248   0.5899 0.0798 q PC
5.50  8800.  0.0 2.0   0.1994   0.2241   0.0807   0.4802 0.0752 q PC
6.00  8800.  0.0 2.0   0.1753   0.2537   0.0832   0.4544 0.0757 q PC
2.50  9000.  0.0 2.0   0.1692   0.4017  -0.1811   1.2996 0.1671 q PC
3.00  9000.  0.0 2.0   0.1748   0.3151  -0.1893   1.1704 0.1241 q PC
3.50  9000.  0.0 2.0   0.1786   0.2684  -0.1632   1.0398 0.0987 q PC
4.00  9000.  0.0 2.0   0.1791   0.2436  -0.1084   0.8747 0.0897 q PC
4.50  9000.  0.0 2.0   0.1796   0.2326  -0.0612   0.7545 0.0845 q PC
5.00  9000.  0.0 2.0   0.1849   0.2245   0.0122   0.5962 0.0812 q PC
5.50  9000.  0.0 2.0   0.1893   0.2233   0.0636   0.4945 0.0776 q PC
6.00  9000.  0.0 2.0   0.1730   0.2473   0.0795   0.4512 0.0777 q PC
2.50  9200.  0.0 2.0   0.1622   0.4195  -0.1819   1.3090 0.1811 q PC
3.00  9200.  0.0 2.0   0.1746   0.3136  -0.1979   1.1933 0.1153 q PC
3.50  9200.  0.0 2.0   0.1754   0.2695  -0.1688   1.0464 0.0993 q PC
4.00  9200.  0.0 2.0   0.1748   0.2433  -0.1253   0.9041 0.0904 q PC
4.50  9200.  0.0 2.0   0.1740   0.2313  -0.0786   0.7796 0.0852 q PC
5.00  9200.  0.0 2.0   0.1766   0.2239  -0.0118   0.6296 0.0829 q PC
5.50  9200.  0.0 2.0   0.1800   0.2209   0.0380   0.5268 0.0794 q PC
6.00  9200.  0.0 2.0   0.1729   0.2368   0.0772   0.4453 0.0771 q PC
2.50  9400.  0.0 2.0   0.1534   0.4409  -0.1828   1.3233 0.2001 q PC
3.00  9400.  0.0 2.0   0.1705   0.3206  -0.2027   1.2048 0.1185 q PC
3.50  9400.  0.0 2.0   0.1721   0.2726  -0.1759   1.0602 0.1009 q PC
4.00  9400.  0.0 2.0   0.1714   0.2437  -0.1347   0.9185 0.0910 q PC
4.50  9400.  0.0 2.0   0.1701   0.2300  -0.0876   0.7893 0.0856 q PC
5.00  9400.  0.0 2.0   0.1693   0.2225  -0.0314   0.6543 0.0825 q PC
5.50  9400.  0.0 2.0   0.1730   0.2188   0.0251   0.5373 0.0810 q PC
6.00  9400.  0.0 2.0   0.1673   0.2272   0.0696   0.4405 0.0814 q PC
2.50  9600.  0.0 2.0   0.1437   0.4632  -0.1842   1.3380 0.2216 q PC
3.00  9600.  0.0 2.0   0.1656   0.3285  -0.2067   1.2126 0.1227 q PC
3.50  9600.  0.0 2.0   0.1687   0.2764  -0.1867   1.0847 0.1024 q PC
4.00  9600.  0.0 2.0   0.1687   0.2447  -0.1396   0.9245 0.0914 q PC
4.50  9600.  0.0 2.0   0.1669   0.2313  -0.0923   0.7942 0.0867 q PC
5.00  9600.  0.0 2.0   0.1644   0.2221  -0.0403   0.6627 0.0835 q PC
5.50  9600.  0.0 2.0   0.1663   0.2184   0.0164   0.5412 0.0825 q PC
6.00  9600.  0.0 2.0   0.1690   0.2189   0.0696   0.4356 0.0823 q PC
2.50  9800.  0.0 2.0   0.1324   0.4875  -0.1865   1.3482 0.2477 q PC
3.00  9800.  0.0 2.0   0.1601   0.3375  -0.2114   1.2228 0.1280 q PC
3.50  9800.  0.0 2.0   0.1648   0.2815  -0.1950   1.1025 0.1048 q PC
4.00  9800.  0.0 2.0   0.1655   0.2473  -0.1435   0.9290 0.0928 q PC
4.50  9800.  0.0 2.0   0.1631   0.2314  -0.0978   0.7981 0.0875 q PC
5.00  9800.  0.0 2.0   0.1606   0.2217  -0.0460   0.6665 0.0842 q PC
5.50  9800.  0.0 2.0   0.1593   0.2181   0.0073   0.5453 0.0833 q PC
6.00  9800.  0.0 2.0   0.1624   0.2174   0.0616   0.4373 0.0841 q PC
2.50 10000.  0.0 2.0   0.1211   0.5102  -0.1894   1.3573 0.2728 q PC
3.00 10000.  0.0 2.0   0.1540   0.3467  -0.2182   1.2382 0.1346 q PC
3.50 10000.  0.0 2.0   0.1605   0.2868  -0.2006   1.1122 0.1074 q PC
4.00 10000.  0.0 2.0   0.1621   0.2508  -0.1469   0.9329 0.0948 q PC
4.50 10000.  0.0 2.0   0.1602   0.2331  -0.1015   0.8017 0.0887 q PC
5.00 10000.  0.0 2.0   0.1571   0.2224  -0.0507   0.6699 0.0853 q PC
5.50 10000.  0.0 2.0   0.1549   0.2180   0.0018   0.5477 0.0845 q PC
6.00 10000.  0.0 2.0   0.1575   0.2159   0.0555   0.4385 0.0856 q PC
2.50 10200.  0.0 2.0   0.1087   0.5342  -0.1927   1.3703 0.3009 q PC
3.00 10200.  0.0 2.0   0.1467   0.3573  -0.2263   1.2566 0.1445 q PC
3.50 10200.  0.0 2.0   0.1561   0.2924  -0.2055   1.1200 0.1100 q PC
4.00 10200.  0.0 2.0   0.1588   0.2544  -0.1503   0.9371 0.0964 q PC
4.50 10200.  0.0 2.0   0.1573   0.2352  -0.1048   0.8048 0.0900 q PC
5.00 10200.  0.0 2.0   0.1539   0.2237  -0.0546   0.6728 0.0865 q PC
5.50 10200.  0.0 2.0   0.1510   0.2186  -0.0031   0.5503 0.0858 q PC
6.00 10200.  0.0 2.0   0.1520   0.2158   0.0486   0.4415 0.0867 q PC
2.50 10400.  0.0 2.0   0.0964   0.5566  -0.1970   1.3830 0.3278 q PC
3.00 10400.  0.0 2.0   0.1388   0.3678  -0.2339   1.2707 0.1573 q PC
3.50 10400.  0.0 2.0   0.1512   0.2978  -0.2105   1.1264 0.1131 q PC
4.00 10400.  0.0 2.0   0.1552   0.2583  -0.1542   0.9421 0.0982 q PC
4.50 10400.  0.0 2.0   0.1543   0.2380  -0.1080   0.8083 0.0914 q PC
5.00 10400.  0.0 2.0   0.1510   0.2254  -0.0579   0.6754 0.0878 q PC
5.50 10400.  0.0 2.0   0.1474   0.2196  -0.0072   0.5528 0.0872 q PC
6.00 10400.  0.0 2.0   0.1459   0.2170   0.0395   0.4490 0.0876 q PC
2.50 10600.  0.0 2.0   0.0852   0.5753  -0.2021   1.3930 0.3511 q PC
3.00 10600.  0.0 2.0   0.1307   0.3778  -0.2411   1.2810 0.1721 q PC
3.50 10600.  0.0 2.0   0.1460   0.3026  -0.2159   1.1326 0.1162 q PC
4.00 10600.  0.0 2.0   0.1512   0.2621  -0.1588   0.9479 0.1002 q PC
4.50 10600.  0.0 2.0   0.1512   0.2410  -0.1113   0.8122 0.0930 q PC
5.00 10600.  0.0 2.0   0.1481   0.2275  -0.0609   0.6781 0.0892 q PC
5.50 10600.  0.0 2.0   0.1442   0.2210  -0.0107   0.5550 0.0887 q PC
6.00 10600.  0.0 2.0   0.1421   0.2177   0.0308   0.4602 0.0890 q PC
2.50 10800.  0.0 2.0   0.0748   0.5912  -0.2080   1.4022 0.3722 q PC
3.00 10800.  0.0 2.0   0.1228   0.3864  -0.2484   1.2902 0.1878 q PC
3.50 10800.  0.0 2.0   0.1408   0.3069  -0.2221   1.1398 0.1194 q PC
4.00 10800.  0.0 2.0   0.1470   0.2659  -0.1675   0.9629 0.1023 q PC
4.50 10800.  0.0 2.0   0.1479   0.2440  -0.1148   0.8157 0.0946 q PC
5.00 10800.  0.0 2.0   0.1453   0.2299  -0.0639   0.6812 0.0906 q PC
5.50 10800.  0.0 2.0   0.1411   0.2228  -0.0139   0.5574 0.0902 q PC
6.00 10800.  0.0 2.0   0.1387   0.2187   0.0238   0.4688 0.0904 q PC
2.50 11000.  0.0 2.0   0.0949   0.5372  -0.2142   1.4106 0.2817 q PC
3.00 11000.  0.0 2.0   0.1153   0.3935  -0.2560   1.2994 0.2024 q PC
3.50 11000.  0.0 2.0   0.1355   0.3107  -0.2305   1.1525 0.1227 q PC
4.00 11000.  0.0 2.0   0.1426   0.2695  -0.1819   0.9915 0.1043 q PC
4.50 11000.  0.0 2.0   0.1444   0.2471  -0.1218   0.8272 0.0962 q PC
5.00 11000.  0.0 2.0   0.1424   0.2322  -0.0668   0.6837 0.0920 q PC
5.50 11000.  0.0 2.0   0.1383   0.2248  -0.0170   0.5599 0.0917 q PC
6.00 11000.  0.0 2.0   0.1354   0.2201   0.0183   0.4752 0.0918 q PC
2.50 11200.  0.0 2.0   0.0883   0.5437  -0.2203   1.4188 0.2942 q PC
3.00 11200.  0.0 2.0   0.1088   0.3989  -0.2637   1.3097 0.2150 q PC
3.50 11200.  0.0 2.0   0.1306   0.3133  -0.2433   1.1777 0.1254 q PC
4.00 11200.  0.0 2.0   0.1381   0.2727  -0.1942   1.0141 0.1062 q PC
4.50 11200.  0.0 2.0   0.1406   0.2502  -0.1388   0.8612 0.0979 q PC
5.00 11200.  0.0 2.0   0.1394   0.2346  -0.0702   0.6871 0.0934 q PC
5.50 11200.  0.0 2.0   0.1357   0.2263  -0.0198   0.5621 0.0925 q PC
6.00 11200.  0.0 2.0   0.1328   0.2245   0.0134   0.4848 0.0940 q PC
2.50 11400.  0.0 2.0   0.0823   0.5502  -0.2253   1.4271 0.3049 q PC
3.00 11400.  0.0 2.0   0.1028   0.4027  -0.2726   1.3244 0.2256 q PC
3.50 11400.  0.0 2.0   0.1272   0.3062  -0.2485   1.1710 0.1257 q PC
4.00 11400.  0.0 2.0   0.1338   0.2741  -0.2012   1.0220 0.1077 q PC
4.50 11400.  0.0 2.0   0.1368   0.2527  -0.1507   0.8825 0.0993 q PC
5.00 11400.  0.0 2.0   0.1364   0.2370  -0.0740   0.6917 0.0948 q PC
5.50 11400.  0.0 2.0   0.1334   0.2312  -0.0210   0.5652 0.0947 q PC
6.00 11400.  0.0 2.0   0.1299   0.2262   0.0095   0.4887 0.0953 q PC
2.50 11600.  0.0 2.0   0.0777   0.5547  -0.2292   1.4353 0.3131 q PC
3.00 11600.  0.0 2.0   0.0981   0.4043  -0.2817   1.3416 0.2334 q PC
3.50 11600.  0.0 2.0   0.1231   0.3057  -0.2585   1.1860 0.1276 q PC
4.00 11600.  0.0 2.0   0.1311   0.2650  -0.2069   1.0179 0.1052 q PC
4.50 11600.  0.0 2.0   0.1331   0.2540  -0.1568   0.8895 0.1004 q PC
5.00 11600.  0.0 2.0   0.1339   0.2296  -0.0799   0.6908 0.0920 q PC
5.50 11600.  0.0 2.0   0.1303   0.2297  -0.0261   0.5680 0.0947 q PC
6.00 11600.  0.0 2.0   0.1271   0.2279   0.0048   0.4946 0.0965 q PC
2.50 11800.  0.0 2.0   0.0734   0.5594  -0.2322   1.4433 0.3200 q PC
3.00 11800.  0.0 2.0   0.0939   0.4056  -0.2894   1.3547 0.2399 q PC
3.50 11800.  0.0 2.0   0.1182   0.3125  -0.2727   1.2211 0.1303 q PC
4.00 11800.  0.0 2.0   0.1276   0.2639  -0.2147   1.0263 0.1054 q PC
4.50 11800.  0.0 2.0   0.1295   0.2543  -0.1626   0.8946 0.1011 q PC
5.00 11800.  0.0 2.0   0.1310   0.2296  -0.0843   0.6939 0.0923 q PC
5.50 11800.  0.0 2.0   0.1282   0.2342  -0.0281   0.5726 0.0965 q PC
6.00 11800.  0.0 2.0   0.1247   0.2292   0.0025   0.4959 0.0974 q PC
2.50 12000.  0.0 2.0   0.0697   0.5636  -0.2346   1.4503 0.3263 q PC
3.00 12000.  0.0 2.0   0.0902   0.4054  -0.2967   1.3655 0.2458 q PC
3.50 12000.  0.0 2.0   0.1151   0.3103  -0.2804   1.2300 0.1305 q PC
4.00 12000.  0.0 2.0   0.1244   0.2619  -0.2218   1.0331 0.1053 q PC
4.50 12000.  0.0 2.0   0.1262   0.2536  -0.1684   0.8991 0.1013 q PC
5.00 12000.  0.0 2.0   0.1283   0.2289  -0.0899   0.6995 0.0923 q PC
5.50 12000.  0.0 2.0   0.1258   0.2350  -0.0342   0.5813 0.0969 q PC
6.00 12000.  0.0 2.0   0.1221   0.2303  -0.0022   0.5016 0.0981 q PC
